Results Table:
Maze Size      Algorithm      Time Taken     Cells Visited  Memory Used    
(10, 10)       bfs            0.00000        46             0.01
(10, 10)       dfs            0.00000        21             0.00
(10, 10)       a_star         0.00000        23             0.00
(50, 50)       bfs            0.00456        1383           0.07
(50, 50)       dfs            0.00100        461            0.00
(50, 50)       a_star         0.00400        741            0.00
(100, 100)     bfs            0.02073        5007           0.00
(100, 100)     dfs            0.00300        491            0.00
(100, 100)     a_star         0.00894        1851           0.20
(250, 250)     bfs            0.13744        37388          0.99
(250, 250)     dfs            0.02875        9051           -1.39
(250, 250)     a_star         0.06506        12005          0.10
(500, 500)     bfs            0.55170        77189          0.67
(500, 500)     dfs            0.92472        124632         -5.13
(500, 500)     a_star         0.09270        17445          1.75
(1000, 1000)   bfs            10.55085       595946         -2.26
(1000, 1000)   dfs            2.48694        198309         -2.93
(1000, 1000)   a_star         2.37044        233502         -2.29