Results Table:
Maze Size      Algorithm      Time Taken     Cells Visited  Memory Used    
(50, 50)       bfs            0.00000        1410           0.09
(50, 50)       dfs            0.00205        880            0.00
(50, 50)       a_star         0.00000        408            0.00
(100, 100)     bfs            0.02967        4001           0.45
(100, 100)     dfs            0.00762        1032           0.00
(100, 100)     a_star         0.00509        494            0.00
(250, 250)     bfs            0.15988        36795          1.84
(250, 250)     dfs            0.02937        9124           0.00
(250, 250)     a_star         0.04243        7289           0.15
(500, 500)     bfs            1.08317        126156         -0.21
(500, 500)     dfs            0.57962        70285          -1.88
(500, 500)     a_star         0.21649        33213          -2.72
(1000, 1000)   bfs            11.83549       589501         -2.66
(1000, 1000)   dfs            4.45009        305557         -2.13
(1000, 1000)   a_star         1.35476        143152         1.27